3, 4, 5
3, 4, 5 PIERWOTNE
------------------
5, 12, 13
5, 12, 13 PIERWOTNE
------------------
6, 8, 10
3, 4, 5 PIERWOTNE
------------------
7, 24, 25
7, 24, 25 PIERWOTNE
------------------
8, 15, 17
8, 15, 17 PIERWOTNE
------------------
9, 12, 15
3, 4, 5 PIERWOTNE
------------------
9, 40, 41
9, 40, 41 PIERWOTNE
------------------
10, 24, 26
5, 12, 13 PIERWOTNE
------------------
11, 60, 61
11, 60, 61 PIERWOTNE
------------------
12, 16, 20
3, 4, 5 PIERWOTNE
------------------
12, 35, 37
12, 35, 37 PIERWOTNE
------------------
13, 84, 85
13, 84, 85 PIERWOTNE
------------------
14, 48, 50
7, 24, 25 PIERWOTNE
------------------
15, 20, 25
3, 4, 5 PIERWOTNE
------------------
15, 36, 39
5, 12, 13 PIERWOTNE
------------------
15, 112, 113
15, 112, 113 PIERWOTNE
------------------
16, 30, 34
8, 15, 17 PIERWOTNE
------------------
16, 63, 65
16, 63, 65 PIERWOTNE
------------------
17, 144, 145
17, 144, 145 PIERWOTNE
------------------
18, 24, 30
3, 4, 5 PIERWOTNE
------------------
18, 80, 82
9, 40, 41 PIERWOTNE
------------------
19, 180, 181
19, 180, 181 PIERWOTNE
------------------
20, 21, 29
20, 21, 29 PIERWOTNE
------------------
20, 48, 52
5, 12, 13 PIERWOTNE
------------------
20, 99, 101
20, 99, 101 PIERWOTNE
------------------
21, 28, 35
3, 4, 5 PIERWOTNE
------------------
21, 72, 75
7, 24, 25 PIERWOTNE
------------------
21, 220, 221
21, 220, 221 PIERWOTNE
------------------
22, 120, 122
11, 60, 61 PIERWOTNE
------------------
23, 264, 265
23, 264, 265 PIERWOTNE
------------------
24, 32, 40
3, 4, 5 PIERWOTNE
------------------
24, 45, 51
8, 15, 17 PIERWOTNE
------------------
24, 70, 74
12, 35, 37 PIERWOTNE
------------------
24, 143, 145
24, 143, 145 PIERWOTNE
------------------
25, 60, 65
5, 12, 13 PIERWOTNE
------------------
25, 312, 313
25, 312, 313 PIERWOTNE
------------------
26, 168, 170
13, 84, 85 PIERWOTNE
------------------
27, 36, 45
3, 4, 5 PIERWOTNE
------------------
27, 120, 123
9, 40, 41 PIERWOTNE
------------------
27, 364, 365
27, 364, 365 PIERWOTNE
------------------
28, 45, 53
28, 45, 53 PIERWOTNE
------------------
28, 96, 100
7, 24, 25 PIERWOTNE
------------------
28, 195, 197
28, 195, 197 PIERWOTNE
------------------
29, 420, 421
29, 420, 421 PIERWOTNE
------------------
30, 40, 50
3, 4, 5 PIERWOTNE
------------------
30, 72, 78
5, 12, 13 PIERWOTNE
------------------
30, 224, 226
15, 112, 113 PIERWOTNE
------------------
31, 480, 481
31, 480, 481 PIERWOTNE
------------------
32, 60, 68
8, 15, 17 PIERWOTNE
------------------
32, 126, 130
16, 63, 65 PIERWOTNE
------------------
32, 255, 257
32, 255, 257 PIERWOTNE
------------------
33, 44, 55
3, 4, 5 PIERWOTNE
------------------
33, 56, 65
33, 56, 65 PIERWOTNE
------------------
33, 180, 183
11, 60, 61 PIERWOTNE
------------------
33, 544, 545
33, 544, 545 PIERWOTNE
------------------
34, 288, 290
17, 144, 145 PIERWOTNE
------------------
35, 84, 91
5, 12, 13 PIERWOTNE
------------------
35, 120, 125
7, 24, 25 PIERWOTNE
------------------
35, 612, 613
35, 612, 613 PIERWOTNE
------------------
36, 48, 60
3, 4, 5 PIERWOTNE
------------------
36, 77, 85
36, 77, 85 PIERWOTNE
------------------
36, 105, 111
12, 35, 37 PIERWOTNE
------------------
36, 160, 164
9, 40, 41 PIERWOTNE
------------------
36, 323, 325
36, 323, 325 PIERWOTNE
------------------
37, 684, 685
37, 684, 685 PIERWOTNE
------------------
38, 360, 362
19, 180, 181 PIERWOTNE
------------------
39, 52, 65
3, 4, 5 PIERWOTNE
------------------
39, 80, 89
39, 80, 89 PIERWOTNE
------------------
39, 252, 255
13, 84, 85 PIERWOTNE
------------------
39, 760, 761
39, 760, 761 PIERWOTNE
------------------
40, 42, 58
20, 21, 29 PIERWOTNE
------------------
40, 75, 85
8, 15, 17 PIERWOTNE
------------------
40, 96, 104
5, 12, 13 PIERWOTNE
------------------
40, 198, 202
20, 99, 101 PIERWOTNE
------------------
40, 399, 401
40, 399, 401 PIERWOTNE
------------------
41, 840, 841
41, 840, 841 PIERWOTNE
------------------
42, 56, 70
3, 4, 5 PIERWOTNE
------------------
42, 144, 150
7, 24, 25 PIERWOTNE
------------------
42, 440, 442
21, 220, 221 PIERWOTNE
------------------
43, 924, 925
43, 924, 925 PIERWOTNE
------------------
44, 117, 125
44, 117, 125 PIERWOTNE
------------------
44, 240, 244
11, 60, 61 PIERWOTNE
------------------
44, 483, 485
44, 483, 485 PIERWOTNE
------------------
45, 60, 75
3, 4, 5 PIERWOTNE
------------------
45, 108, 117
5, 12, 13 PIERWOTNE
------------------
45, 200, 205
9, 40, 41 PIERWOTNE
------------------
45, 336, 339
15, 112, 113 PIERWOTNE
------------------
46, 528, 530
23, 264, 265 PIERWOTNE
------------------
48, 55, 73
48, 55, 73 PIERWOTNE
------------------
48, 64, 80
3, 4, 5 PIERWOTNE
------------------
48, 90, 102
8, 15, 17 PIERWOTNE
------------------
48, 140, 148
12, 35, 37 PIERWOTNE
------------------
48, 189, 195
16, 63, 65 PIERWOTNE
------------------
48, 286, 290
24, 143, 145 PIERWOTNE
------------------
48, 575, 577
48, 575, 577 PIERWOTNE
------------------
49, 168, 175
7, 24, 25 PIERWOTNE
------------------
50, 120, 130
5, 12, 13 PIERWOTNE
------------------
50, 624, 626
25, 312, 313 PIERWOTNE
------------------
51, 68, 85
3, 4, 5 PIERWOTNE
------------------
51, 140, 149
51, 140, 149 PIERWOTNE
------------------
51, 432, 435
17, 144, 145 PIERWOTNE
------------------
52, 165, 173
52, 165, 173 PIERWOTNE
------------------
52, 336, 340
13, 84, 85 PIERWOTNE
------------------
52, 675, 677
52, 675, 677 PIERWOTNE
------------------
54, 72, 90
3, 4, 5 PIERWOTNE
------------------
54, 240, 246
9, 40, 41 PIERWOTNE
------------------
54, 728, 730
27, 364, 365 PIERWOTNE
------------------
55, 132, 143
5, 12, 13 PIERWOTNE
------------------
55, 300, 305
11, 60, 61 PIERWOTNE
------------------
56, 90, 106
28, 45, 53 PIERWOTNE
------------------
56, 105, 119
8, 15, 17 PIERWOTNE
------------------
56, 192, 200
7, 24, 25 PIERWOTNE
------------------
56, 390, 394
28, 195, 197 PIERWOTNE
------------------
56, 783, 785
56, 783, 785 PIERWOTNE
------------------
57, 76, 95
3, 4, 5 PIERWOTNE
------------------
57, 176, 185
57, 176, 185 PIERWOTNE
------------------
57, 540, 543
19, 180, 181 PIERWOTNE
------------------
58, 840, 842
29, 420, 421 PIERWOTNE
------------------
60, 63, 87
20, 21, 29 PIERWOTNE
------------------
60, 80, 100
3, 4, 5 PIERWOTNE
------------------
60, 91, 109
60, 91, 109 PIERWOTNE
------------------
60, 144, 156
5, 12, 13 PIERWOTNE
------------------
60, 175, 185
12, 35, 37 PIERWOTNE
------------------
60, 221, 229
60, 221, 229 PIERWOTNE
------------------
60, 297, 303
20, 99, 101 PIERWOTNE
------------------
60, 448, 452
15, 112, 113 PIERWOTNE
------------------
60, 899, 901
60, 899, 901 PIERWOTNE
------------------
62, 960, 962
31, 480, 481 PIERWOTNE
------------------
63, 84, 105
3, 4, 5 PIERWOTNE
------------------
63, 216, 225
7, 24, 25 PIERWOTNE
------------------
63, 280, 287
9, 40, 41 PIERWOTNE
------------------
63, 660, 663
21, 220, 221 PIERWOTNE
------------------
64, 120, 136
8, 15, 17 PIERWOTNE
------------------
64, 252, 260
16, 63, 65 PIERWOTNE
------------------
64, 510, 514
32, 255, 257 PIERWOTNE
------------------
65, 72, 97
65, 72, 97 PIERWOTNE
------------------
65, 156, 169
5, 12, 13 PIERWOTNE
------------------
65, 420, 425
13, 84, 85 PIERWOTNE
------------------
66, 88, 110
3, 4, 5 PIERWOTNE
------------------
66, 112, 130
33, 56, 65 PIERWOTNE
------------------
66, 360, 366
11, 60, 61 PIERWOTNE
------------------
68, 285, 293
68, 285, 293 PIERWOTNE
------------------
68, 576, 580
17, 144, 145 PIERWOTNE
------------------
69, 92, 115
3, 4, 5 PIERWOTNE
------------------
69, 260, 269
69, 260, 269 PIERWOTNE
------------------
69, 792, 795
23, 264, 265 PIERWOTNE
------------------
70, 168, 182
5, 12, 13 PIERWOTNE
------------------
70, 240, 250
7, 24, 25 PIERWOTNE
------------------
72, 96, 120
3, 4, 5 PIERWOTNE
------------------
72, 135, 153
8, 15, 17 PIERWOTNE
------------------
72, 154, 170
36, 77, 85 PIERWOTNE
------------------
72, 210, 222
12, 35, 37 PIERWOTNE
------------------
72, 320, 328
9, 40, 41 PIERWOTNE
------------------
72, 429, 435
24, 143, 145 PIERWOTNE
------------------
72, 646, 650
36, 323, 325 PIERWOTNE
------------------
75, 100, 125
3, 4, 5 PIERWOTNE
------------------
75, 180, 195
5, 12, 13 PIERWOTNE
------------------
75, 308, 317
75, 308, 317 PIERWOTNE
------------------
75, 560, 565
15, 112, 113 PIERWOTNE
------------------
75, 936, 939
25, 312, 313 PIERWOTNE
------------------
76, 357, 365
76, 357, 365 PIERWOTNE
------------------
76, 720, 724
19, 180, 181 PIERWOTNE
------------------
77, 264, 275
7, 24, 25 PIERWOTNE
------------------
77, 420, 427
11, 60, 61 PIERWOTNE
------------------
78, 104, 130
3, 4, 5 PIERWOTNE
------------------
78, 160, 178
39, 80, 89 PIERWOTNE
------------------
78, 504, 510
13, 84, 85 PIERWOTNE
------------------
80, 84, 116
20, 21, 29 PIERWOTNE
------------------
80, 150, 170
8, 15, 17 PIERWOTNE
------------------
80, 192, 208
5, 12, 13 PIERWOTNE
------------------
80, 315, 325
16, 63, 65 PIERWOTNE
------------------
80, 396, 404
20, 99, 101 PIERWOTNE
------------------
80, 798, 802
40, 399, 401 PIERWOTNE
------------------
81, 108, 135
3, 4, 5 PIERWOTNE
------------------
81, 360, 369
9, 40, 41 PIERWOTNE
------------------
84, 112, 140
3, 4, 5 PIERWOTNE
------------------
84, 135, 159
28, 45, 53 PIERWOTNE
------------------
84, 187, 205
84, 187, 205 PIERWOTNE
------------------
84, 245, 259
12, 35, 37 PIERWOTNE
------------------
84, 288, 300
7, 24, 25 PIERWOTNE
------------------
84, 437, 445
84, 437, 445 PIERWOTNE
------------------
84, 585, 591
28, 195, 197 PIERWOTNE
------------------
84, 880, 884
21, 220, 221 PIERWOTNE
------------------
85, 132, 157
85, 132, 157 PIERWOTNE
------------------
85, 204, 221
5, 12, 13 PIERWOTNE
------------------
85, 720, 725
17, 144, 145 PIERWOTNE
------------------
87, 116, 145
3, 4, 5 PIERWOTNE
------------------
87, 416, 425
87, 416, 425 PIERWOTNE
------------------
88, 105, 137
88, 105, 137 PIERWOTNE
------------------
88, 165, 187
8, 15, 17 PIERWOTNE
------------------
88, 234, 250
44, 117, 125 PIERWOTNE
------------------
88, 480, 488
11, 60, 61 PIERWOTNE
------------------
88, 966, 970
44, 483, 485 PIERWOTNE
------------------
90, 120, 150
3, 4, 5 PIERWOTNE
------------------
90, 216, 234
5, 12, 13 PIERWOTNE
------------------
90, 400, 410
9, 40, 41 PIERWOTNE
------------------
90, 672, 678
15, 112, 113 PIERWOTNE
------------------
91, 312, 325
7, 24, 25 PIERWOTNE
------------------
91, 588, 595
13, 84, 85 PIERWOTNE
------------------
92, 525, 533
92, 525, 533 PIERWOTNE
------------------
93, 124, 155
3, 4, 5 PIERWOTNE
------------------
93, 476, 485
93, 476, 485 PIERWOTNE
------------------
95, 168, 193
95, 168, 193 PIERWOTNE
------------------
95, 228, 247
5, 12, 13 PIERWOTNE
------------------
95, 900, 905
19, 180, 181 PIERWOTNE
------------------
96, 110, 146
48, 55, 73 PIERWOTNE
------------------
96, 128, 160
3, 4, 5 PIERWOTNE
------------------
96, 180, 204
8, 15, 17 PIERWOTNE
------------------
96, 247, 265
96, 247, 265 PIERWOTNE
------------------
96, 280, 296
12, 35, 37 PIERWOTNE
------------------
96, 378, 390
16, 63, 65 PIERWOTNE
------------------
96, 572, 580
24, 143, 145 PIERWOTNE
------------------
96, 765, 771
32, 255, 257 PIERWOTNE
------------------
98, 336, 350
7, 24, 25 PIERWOTNE
------------------
99, 132, 165
3, 4, 5 PIERWOTNE
------------------
99, 168, 195
33, 56, 65 PIERWOTNE
------------------
99, 440, 451
9, 40, 41 PIERWOTNE
------------------
99, 540, 549
11, 60, 61 PIERWOTNE
------------------
100, 105, 145
20, 21, 29 PIERWOTNE
------------------
100, 240, 260
5, 12, 13 PIERWOTNE
------------------
100, 495, 505
20, 99, 101 PIERWOTNE
------------------
100, 621, 629
100, 621, 629 PIERWOTNE
------------------
102, 136, 170
3, 4, 5 PIERWOTNE
------------------
102, 280, 298
51, 140, 149 PIERWOTNE
------------------
102, 864, 870
17, 144, 145 PIERWOTNE
------------------
104, 153, 185
104, 153, 185 PIERWOTNE
------------------
104, 195, 221
8, 15, 17 PIERWOTNE
------------------
104, 330, 346
52, 165, 173 PIERWOTNE
------------------
104, 672, 680
13, 84, 85 PIERWOTNE
------------------
105, 140, 175
3, 4, 5 PIERWOTNE
------------------
105, 208, 233
105, 208, 233 PIERWOTNE
------------------
105, 252, 273
5, 12, 13 PIERWOTNE
------------------
105, 360, 375
7, 24, 25 PIERWOTNE
------------------
105, 608, 617
105, 608, 617 PIERWOTNE
------------------
105, 784, 791
15, 112, 113 PIERWOTNE
------------------
108, 144, 180
3, 4, 5 PIERWOTNE
------------------
108, 231, 255
36, 77, 85 PIERWOTNE
------------------
108, 315, 333
12, 35, 37 PIERWOTNE
------------------
108, 480, 492
9, 40, 41 PIERWOTNE
------------------
108, 725, 733
108, 725, 733 PIERWOTNE
------------------
108, 969, 975
36, 323, 325 PIERWOTNE
------------------
110, 264, 286
5, 12, 13 PIERWOTNE
------------------
110, 600, 610
11, 60, 61 PIERWOTNE
------------------
111, 148, 185
3, 4, 5 PIERWOTNE
------------------
111, 680, 689
111, 680, 689 PIERWOTNE
------------------
112, 180, 212
28, 45, 53 PIERWOTNE
------------------
112, 210, 238
8, 15, 17 PIERWOTNE
------------------
112, 384, 400
7, 24, 25 PIERWOTNE
------------------
112, 441, 455
16, 63, 65 PIERWOTNE
------------------
112, 780, 788
28, 195, 197 PIERWOTNE
------------------
114, 152, 190
3, 4, 5 PIERWOTNE
------------------
114, 352, 370
57, 176, 185 PIERWOTNE
------------------
115, 252, 277
115, 252, 277 PIERWOTNE
------------------
115, 276, 299
5, 12, 13 PIERWOTNE
------------------
116, 837, 845
116, 837, 845 PIERWOTNE
------------------
117, 156, 195
3, 4, 5 PIERWOTNE
------------------
117, 240, 267
39, 80, 89 PIERWOTNE
------------------
117, 520, 533
9, 40, 41 PIERWOTNE
------------------
117, 756, 765
13, 84, 85 PIERWOTNE
------------------
119, 120, 169
119, 120, 169 PIERWOTNE
------------------
119, 408, 425
7, 24, 25 PIERWOTNE
------------------
120, 126, 174
20, 21, 29 PIERWOTNE
------------------
120, 160, 200
3, 4, 5 PIERWOTNE
------------------
120, 182, 218
60, 91, 109 PIERWOTNE
------------------
120, 209, 241
120, 209, 241 PIERWOTNE
------------------
120, 225, 255
8, 15, 17 PIERWOTNE
------------------
120, 288, 312
5, 12, 13 PIERWOTNE
------------------
120, 350, 370
12, 35, 37 PIERWOTNE
------------------
120, 391, 409
120, 391, 409 PIERWOTNE
------------------
120, 442, 458
60, 221, 229 PIERWOTNE
------------------
120, 594, 606
20, 99, 101 PIERWOTNE
------------------
120, 715, 725
24, 143, 145 PIERWOTNE
------------------
120, 896, 904
15, 112, 113 PIERWOTNE
------------------
121, 660, 671
11, 60, 61 PIERWOTNE
------------------
123, 164, 205
3, 4, 5 PIERWOTNE
------------------
123, 836, 845
123, 836, 845 PIERWOTNE
------------------
124, 957, 965
124, 957, 965 PIERWOTNE
------------------
125, 300, 325
5, 12, 13 PIERWOTNE
------------------
126, 168, 210
3, 4, 5 PIERWOTNE
------------------
126, 432, 450
7, 24, 25 PIERWOTNE
------------------
126, 560, 574
9, 40, 41 PIERWOTNE
------------------
128, 240, 272
8, 15, 17 PIERWOTNE
------------------
128, 504, 520
16, 63, 65 PIERWOTNE
------------------
129, 172, 215
3, 4, 5 PIERWOTNE
------------------
129, 920, 929
129, 920, 929 PIERWOTNE
------------------
130, 144, 194
65, 72, 97 PIERWOTNE
------------------
130, 312, 338
5, 12, 13 PIERWOTNE
------------------
130, 840, 850
13, 84, 85 PIERWOTNE
------------------
132, 176, 220
3, 4, 5 PIERWOTNE
------------------
132, 224, 260
33, 56, 65 PIERWOTNE
------------------
132, 351, 375
44, 117, 125 PIERWOTNE
------------------
132, 385, 407
12, 35, 37 PIERWOTNE
------------------
132, 475, 493
132, 475, 493 PIERWOTNE
------------------
132, 720, 732
11, 60, 61 PIERWOTNE
------------------
133, 156, 205
133, 156, 205 PIERWOTNE
------------------
133, 456, 475
7, 24, 25 PIERWOTNE
------------------
135, 180, 225
3, 4, 5 PIERWOTNE
------------------
135, 324, 351
5, 12, 13 PIERWOTNE
------------------
135, 352, 377
135, 352, 377 PIERWOTNE
------------------
135, 600, 615
9, 40, 41 PIERWOTNE
------------------
136, 255, 289
8, 15, 17 PIERWOTNE
------------------
136, 273, 305
136, 273, 305 PIERWOTNE
------------------
136, 570, 586
68, 285, 293 PIERWOTNE
------------------
138, 184, 230
3, 4, 5 PIERWOTNE
------------------
138, 520, 538
69, 260, 269 PIERWOTNE
------------------
140, 147, 203
20, 21, 29 PIERWOTNE
------------------
140, 171, 221
140, 171, 221 PIERWOTNE
------------------
140, 225, 265
28, 45, 53 PIERWOTNE
------------------
140, 336, 364
5, 12, 13 PIERWOTNE
------------------
140, 480, 500
7, 24, 25 PIERWOTNE
------------------
140, 693, 707
20, 99, 101 PIERWOTNE
------------------
140, 975, 985
28, 195, 197 PIERWOTNE
------------------
141, 188, 235
3, 4, 5 PIERWOTNE
------------------
143, 780, 793
11, 60, 61 PIERWOTNE
------------------
143, 924, 935
13, 84, 85 PIERWOTNE
------------------
144, 165, 219
48, 55, 73 PIERWOTNE
------------------
144, 192, 240
3, 4, 5 PIERWOTNE
------------------
144, 270, 306
8, 15, 17 PIERWOTNE
------------------
144, 308, 340
36, 77, 85 PIERWOTNE
------------------
144, 420, 444
12, 35, 37 PIERWOTNE
------------------
144, 567, 585
16, 63, 65 PIERWOTNE
------------------
144, 640, 656
9, 40, 41 PIERWOTNE
------------------
144, 858, 870
24, 143, 145 PIERWOTNE
------------------
145, 348, 377
5, 12, 13 PIERWOTNE
------------------
145, 408, 433
145, 408, 433 PIERWOTNE
------------------
147, 196, 245
3, 4, 5 PIERWOTNE
------------------
147, 504, 525
7, 24, 25 PIERWOTNE
------------------
150, 200, 250
3, 4, 5 PIERWOTNE
------------------
150, 360, 390
5, 12, 13 PIERWOTNE
------------------
150, 616, 634
75, 308, 317 PIERWOTNE
------------------
152, 285, 323
8, 15, 17 PIERWOTNE
------------------
152, 345, 377
152, 345, 377 PIERWOTNE
------------------
152, 714, 730
76, 357, 365 PIERWOTNE
------------------
153, 204, 255
3, 4, 5 PIERWOTNE
------------------
153, 420, 447
51, 140, 149 PIERWOTNE
------------------
153, 680, 697
9, 40, 41 PIERWOTNE
------------------
154, 528, 550
7, 24, 25 PIERWOTNE
------------------
154, 840, 854
11, 60, 61 PIERWOTNE
------------------
155, 372, 403
5, 12, 13 PIERWOTNE
------------------
155, 468, 493
155, 468, 493 PIERWOTNE
------------------
156, 208, 260
3, 4, 5 PIERWOTNE
------------------
156, 320, 356
39, 80, 89 PIERWOTNE
------------------
156, 455, 481
12, 35, 37 PIERWOTNE
------------------
156, 495, 519
52, 165, 173 PIERWOTNE
------------------
156, 667, 685
156, 667, 685 PIERWOTNE
------------------
159, 212, 265
3, 4, 5 PIERWOTNE
------------------
160, 168, 232
20, 21, 29 PIERWOTNE
------------------
160, 231, 281
160, 231, 281 PIERWOTNE
------------------
160, 300, 340
8, 15, 17 PIERWOTNE
------------------
160, 384, 416
5, 12, 13 PIERWOTNE
------------------
160, 630, 650
16, 63, 65 PIERWOTNE
------------------
160, 792, 808
20, 99, 101 PIERWOTNE
------------------
161, 240, 289
161, 240, 289 PIERWOTNE
------------------
161, 552, 575
7, 24, 25 PIERWOTNE
------------------
162, 216, 270
3, 4, 5 PIERWOTNE
------------------
162, 720, 738
9, 40, 41 PIERWOTNE
------------------
165, 220, 275
3, 4, 5 PIERWOTNE
------------------
165, 280, 325
33, 56, 65 PIERWOTNE
------------------
165, 396, 429
5, 12, 13 PIERWOTNE
------------------
165, 532, 557
165, 532, 557 PIERWOTNE
------------------
165, 900, 915
11, 60, 61 PIERWOTNE
------------------
168, 224, 280
3, 4, 5 PIERWOTNE
------------------
168, 270, 318
28, 45, 53 PIERWOTNE
------------------
168, 315, 357
8, 15, 17 PIERWOTNE
------------------
168, 374, 410
84, 187, 205 PIERWOTNE
------------------
168, 425, 457
168, 425, 457 PIERWOTNE
------------------
168, 490, 518
12, 35, 37 PIERWOTNE
------------------
168, 576, 600
7, 24, 25 PIERWOTNE
------------------
168, 775, 793
168, 775, 793 PIERWOTNE
------------------
168, 874, 890
84, 437, 445 PIERWOTNE
------------------
170, 264, 314
85, 132, 157 PIERWOTNE
------------------
170, 408, 442
5, 12, 13 PIERWOTNE
------------------
171, 228, 285
3, 4, 5 PIERWOTNE
------------------
171, 528, 555
57, 176, 185 PIERWOTNE
------------------
171, 760, 779
9, 40, 41 PIERWOTNE
------------------
174, 232, 290
3, 4, 5 PIERWOTNE
------------------
174, 832, 850
87, 416, 425 PIERWOTNE
------------------
175, 288, 337
175, 288, 337 PIERWOTNE
------------------
175, 420, 455
5, 12, 13 PIERWOTNE
------------------
175, 600, 625
7, 24, 25 PIERWOTNE
------------------
176, 210, 274
88, 105, 137 PIERWOTNE
------------------
176, 330, 374
8, 15, 17 PIERWOTNE
------------------
176, 468, 500
44, 117, 125 PIERWOTNE
------------------
176, 693, 715
16, 63, 65 PIERWOTNE
------------------
176, 960, 976
11, 60, 61 PIERWOTNE
------------------
177, 236, 295
3, 4, 5 PIERWOTNE
------------------
180, 189, 261
20, 21, 29 PIERWOTNE
------------------
180, 240, 300
3, 4, 5 PIERWOTNE
------------------
180, 273, 327
60, 91, 109 PIERWOTNE
------------------
180, 299, 349
180, 299, 349 PIERWOTNE
------------------
180, 385, 425
36, 77, 85 PIERWOTNE
------------------
180, 432, 468
5, 12, 13 PIERWOTNE
------------------
180, 525, 555
12, 35, 37 PIERWOTNE
------------------
180, 663, 687
60, 221, 229 PIERWOTNE
------------------
180, 800, 820
9, 40, 41 PIERWOTNE
------------------
180, 891, 909
20, 99, 101 PIERWOTNE
------------------
182, 624, 650
7, 24, 25 PIERWOTNE
------------------
183, 244, 305
3, 4, 5 PIERWOTNE
------------------
184, 345, 391
8, 15, 17 PIERWOTNE
------------------
184, 513, 545
184, 513, 545 PIERWOTNE
------------------
185, 444, 481
5, 12, 13 PIERWOTNE
------------------
185, 672, 697
185, 672, 697 PIERWOTNE
------------------
186, 248, 310
3, 4, 5 PIERWOTNE
------------------
186, 952, 970
93, 476, 485 PIERWOTNE
------------------
189, 252, 315
3, 4, 5 PIERWOTNE
------------------
189, 340, 389
189, 340, 389 PIERWOTNE
------------------
189, 648, 675
7, 24, 25 PIERWOTNE
------------------
189, 840, 861
9, 40, 41 PIERWOTNE
------------------
190, 336, 386
95, 168, 193 PIERWOTNE
------------------
190, 456, 494
5, 12, 13 PIERWOTNE
------------------
192, 220, 292
48, 55, 73 PIERWOTNE
------------------
192, 256, 320
3, 4, 5 PIERWOTNE
------------------
192, 360, 408
8, 15, 17 PIERWOTNE
------------------
192, 494, 530
96, 247, 265 PIERWOTNE
------------------
192, 560, 592
12, 35, 37 PIERWOTNE
------------------
192, 756, 780
16, 63, 65 PIERWOTNE
------------------
195, 216, 291
65, 72, 97 PIERWOTNE
------------------
195, 260, 325
3, 4, 5 PIERWOTNE
------------------
195, 400, 445
39, 80, 89 PIERWOTNE
------------------
195, 468, 507
5, 12, 13 PIERWOTNE
------------------
195, 748, 773
195, 748, 773 PIERWOTNE
------------------
196, 315, 371
28, 45, 53 PIERWOTNE
------------------
196, 672, 700
7, 24, 25 PIERWOTNE
------------------
198, 264, 330
3, 4, 5 PIERWOTNE
------------------
198, 336, 390
33, 56, 65 PIERWOTNE
------------------
198, 880, 902
9, 40, 41 PIERWOTNE
------------------
200, 210, 290
20, 21, 29 PIERWOTNE
------------------
200, 375, 425
8, 15, 17 PIERWOTNE
------------------
200, 480, 520
5, 12, 13 PIERWOTNE
------------------
200, 609, 641
200, 609, 641 PIERWOTNE
------------------
200, 990, 1010
20, 99, 101 PIERWOTNE
------------------
201, 268, 335
3, 4, 5 PIERWOTNE
------------------
203, 396, 445
203, 396, 445 PIERWOTNE
------------------
203, 696, 725
7, 24, 25 PIERWOTNE
------------------
204, 253, 325
204, 253, 325 PIERWOTNE
------------------
204, 272, 340
3, 4, 5 PIERWOTNE
------------------
204, 560, 596
51, 140, 149 PIERWOTNE
------------------
204, 595, 629
12, 35, 37 PIERWOTNE
------------------
204, 855, 879
68, 285, 293 PIERWOTNE
------------------
205, 492, 533
5, 12, 13 PIERWOTNE
------------------
205, 828, 853
205, 828, 853 PIERWOTNE
------------------
207, 224, 305
207, 224, 305 PIERWOTNE
------------------
207, 276, 345
3, 4, 5 PIERWOTNE
------------------
207, 780, 807
69, 260, 269 PIERWOTNE
------------------
207, 920, 943
9, 40, 41 PIERWOTNE
------------------
208, 306, 370
104, 153, 185 PIERWOTNE
------------------
208, 390, 442
8, 15, 17 PIERWOTNE
------------------
208, 660, 692
52, 165, 173 PIERWOTNE
------------------
208, 819, 845
16, 63, 65 PIERWOTNE
------------------
210, 280, 350
3, 4, 5 PIERWOTNE
------------------
210, 416, 466
105, 208, 233 PIERWOTNE
------------------
210, 504, 546
5, 12, 13 PIERWOTNE
------------------
210, 720, 750
7, 24, 25 PIERWOTNE
------------------
213, 284, 355
3, 4, 5 PIERWOTNE
------------------
215, 516, 559
5, 12, 13 PIERWOTNE
------------------
215, 912, 937
215, 912, 937 PIERWOTNE
------------------
216, 288, 360
3, 4, 5 PIERWOTNE
------------------
216, 405, 459
8, 15, 17 PIERWOTNE
------------------
216, 462, 510
36, 77, 85 PIERWOTNE
------------------
216, 630, 666
12, 35, 37 PIERWOTNE
------------------
216, 713, 745
216, 713, 745 PIERWOTNE
------------------
216, 960, 984
9, 40, 41 PIERWOTNE
------------------
217, 456, 505
217, 456, 505 PIERWOTNE
------------------
217, 744, 775
7, 24, 25 PIERWOTNE
------------------
219, 292, 365
3, 4, 5 PIERWOTNE
------------------
220, 231, 319
20, 21, 29 PIERWOTNE
------------------
220, 459, 509
220, 459, 509 PIERWOTNE
------------------
220, 528, 572
5, 12, 13 PIERWOTNE
------------------
220, 585, 625
44, 117, 125 PIERWOTNE
------------------
222, 296, 370
3, 4, 5 PIERWOTNE
------------------
224, 360, 424
28, 45, 53 PIERWOTNE
------------------
224, 420, 476
8, 15, 17 PIERWOTNE
------------------
224, 768, 800
7, 24, 25 PIERWOTNE
------------------
224, 882, 910
16, 63, 65 PIERWOTNE
------------------
225, 272, 353
225, 272, 353 PIERWOTNE
------------------
225, 300, 375
3, 4, 5 PIERWOTNE
------------------
225, 540, 585
5, 12, 13 PIERWOTNE
------------------
225, 924, 951
75, 308, 317 PIERWOTNE
------------------
228, 304, 380
3, 4, 5 PIERWOTNE
------------------
228, 325, 397
228, 325, 397 PIERWOTNE
------------------
228, 665, 703
12, 35, 37 PIERWOTNE
------------------
228, 704, 740
57, 176, 185 PIERWOTNE
------------------
230, 504, 554
115, 252, 277 PIERWOTNE
------------------
230, 552, 598
5, 12, 13 PIERWOTNE
------------------
231, 308, 385
3, 4, 5 PIERWOTNE
------------------
231, 392, 455
33, 56, 65 PIERWOTNE
------------------
231, 520, 569
231, 520, 569 PIERWOTNE
------------------
231, 792, 825
7, 24, 25 PIERWOTNE
------------------
232, 435, 493
8, 15, 17 PIERWOTNE
------------------
232, 825, 857
232, 825, 857 PIERWOTNE
------------------
234, 312, 390
3, 4, 5 PIERWOTNE
------------------
234, 480, 534
39, 80, 89 PIERWOTNE
------------------
235, 564, 611
5, 12, 13 PIERWOTNE
------------------
237, 316, 395
3, 4, 5 PIERWOTNE
------------------
238, 240, 338
119, 120, 169 PIERWOTNE
------------------
238, 816, 850
7, 24, 25 PIERWOTNE
------------------
240, 252, 348
20, 21, 29 PIERWOTNE
------------------
240, 275, 365
48, 55, 73 PIERWOTNE
------------------
240, 320, 400
3, 4, 5 PIERWOTNE
------------------
240, 364, 436
60, 91, 109 PIERWOTNE
------------------
240, 418, 482
120, 209, 241 PIERWOTNE
------------------
240, 450, 510
8, 15, 17 PIERWOTNE
------------------
240, 551, 601
240, 551, 601 PIERWOTNE
------------------
240, 576, 624
5, 12, 13 PIERWOTNE
------------------
240, 700, 740
12, 35, 37 PIERWOTNE
------------------
240, 782, 818
120, 391, 409 PIERWOTNE
------------------
240, 884, 916
60, 221, 229 PIERWOTNE
------------------
240, 945, 975
16, 63, 65 PIERWOTNE
------------------
243, 324, 405
3, 4, 5 PIERWOTNE
------------------
245, 588, 637
5, 12, 13 PIERWOTNE
------------------
245, 840, 875
7, 24, 25 PIERWOTNE
------------------
246, 328, 410
3, 4, 5 PIERWOTNE
------------------
248, 465, 527
8, 15, 17 PIERWOTNE
------------------
248, 945, 977
248, 945, 977 PIERWOTNE
------------------
249, 332, 415
3, 4, 5 PIERWOTNE
------------------
250, 600, 650
5, 12, 13 PIERWOTNE
------------------
252, 275, 373
252, 275, 373 PIERWOTNE
------------------
252, 336, 420
3, 4, 5 PIERWOTNE
------------------
252, 405, 477
28, 45, 53 PIERWOTNE
------------------
252, 539, 595
36, 77, 85 PIERWOTNE
------------------
252, 561, 615
84, 187, 205 PIERWOTNE
------------------
252, 735, 777
12, 35, 37 PIERWOTNE
------------------
252, 864, 900
7, 24, 25 PIERWOTNE
------------------
255, 340, 425
3, 4, 5 PIERWOTNE
------------------
255, 396, 471
85, 132, 157 PIERWOTNE
------------------
255, 612, 663
5, 12, 13 PIERWOTNE
------------------
255, 700, 745
51, 140, 149 PIERWOTNE
------------------
256, 480, 544
8, 15, 17 PIERWOTNE
------------------
258, 344, 430
3, 4, 5 PIERWOTNE
------------------
259, 660, 709
259, 660, 709 PIERWOTNE
------------------
259, 888, 925
7, 24, 25 PIERWOTNE
------------------
260, 273, 377
20, 21, 29 PIERWOTNE
------------------
260, 288, 388
65, 72, 97 PIERWOTNE
------------------
260, 624, 676
5, 12, 13 PIERWOTNE
------------------
260, 651, 701
260, 651, 701 PIERWOTNE
------------------
260, 825, 865
52, 165, 173 PIERWOTNE
------------------
261, 348, 435
3, 4, 5 PIERWOTNE
------------------
261, 380, 461
261, 380, 461 PIERWOTNE
------------------
264, 315, 411
88, 105, 137 PIERWOTNE
------------------
264, 352, 440
3, 4, 5 PIERWOTNE
------------------
264, 448, 520
33, 56, 65 PIERWOTNE
------------------
264, 495, 561
8, 15, 17 PIERWOTNE
------------------
264, 702, 750
44, 117, 125 PIERWOTNE
------------------
264, 770, 814
12, 35, 37 PIERWOTNE
------------------
264, 950, 986
132, 475, 493 PIERWOTNE
------------------
265, 636, 689
5, 12, 13 PIERWOTNE
------------------
266, 312, 410
133, 156, 205 PIERWOTNE
------------------
266, 912, 950
7, 24, 25 PIERWOTNE
------------------
267, 356, 445
3, 4, 5 PIERWOTNE
------------------
270, 360, 450
3, 4, 5 PIERWOTNE
------------------
270, 648, 702
5, 12, 13 PIERWOTNE
------------------
270, 704, 754
135, 352, 377 PIERWOTNE
------------------
272, 510, 578
8, 15, 17 PIERWOTNE
------------------
272, 546, 610
136, 273, 305 PIERWOTNE
------------------
273, 364, 455
3, 4, 5 PIERWOTNE
------------------
273, 560, 623
39, 80, 89 PIERWOTNE
------------------
273, 736, 785
273, 736, 785 PIERWOTNE
------------------
273, 936, 975
7, 24, 25 PIERWOTNE
------------------
275, 660, 715
5, 12, 13 PIERWOTNE
------------------
276, 368, 460
3, 4, 5 PIERWOTNE
------------------
276, 493, 565
276, 493, 565 PIERWOTNE
------------------
276, 805, 851
12, 35, 37 PIERWOTNE
------------------
279, 372, 465
3, 4, 5 PIERWOTNE
------------------
279, 440, 521
279, 440, 521 PIERWOTNE
------------------
280, 294, 406
20, 21, 29 PIERWOTNE
------------------
280, 342, 442
140, 171, 221 PIERWOTNE
------------------
280, 351, 449
280, 351, 449 PIERWOTNE
------------------
280, 450, 530
28, 45, 53 PIERWOTNE
------------------
280, 525, 595
8, 15, 17 PIERWOTNE
------------------
280, 672, 728
5, 12, 13 PIERWOTNE
------------------
280, 759, 809
280, 759, 809 PIERWOTNE
------------------
280, 960, 1000
7, 24, 25 PIERWOTNE
------------------
282, 376, 470
3, 4, 5 PIERWOTNE
------------------
285, 380, 475
3, 4, 5 PIERWOTNE
------------------
285, 504, 579
95, 168, 193 PIERWOTNE
------------------
285, 684, 741
5, 12, 13 PIERWOTNE
------------------
285, 880, 925
57, 176, 185 PIERWOTNE
------------------
287, 816, 865
287, 816, 865 PIERWOTNE
------------------
287, 984, 1025
7, 24, 25 PIERWOTNE
------------------
288, 330, 438
48, 55, 73 PIERWOTNE
------------------
288, 384, 480
3, 4, 5 PIERWOTNE
------------------
288, 540, 612
8, 15, 17 PIERWOTNE
------------------
288, 616, 680
36, 77, 85 PIERWOTNE
------------------
288, 741, 795
96, 247, 265 PIERWOTNE
------------------
288, 840, 888
12, 35, 37 PIERWOTNE
------------------
290, 696, 754
5, 12, 13 PIERWOTNE
------------------
290, 816, 866
145, 408, 433 PIERWOTNE
------------------
291, 388, 485
3, 4, 5 PIERWOTNE
------------------
294, 392, 490
3, 4, 5 PIERWOTNE
------------------
295, 708, 767
5, 12, 13 PIERWOTNE
------------------
296, 555, 629
8, 15, 17 PIERWOTNE
------------------
297, 304, 425
297, 304, 425 PIERWOTNE
------------------
297, 396, 495
3, 4, 5 PIERWOTNE
------------------
297, 504, 585
33, 56, 65 PIERWOTNE
------------------
300, 315, 435
20, 21, 29 PIERWOTNE
------------------
300, 400, 500
3, 4, 5 PIERWOTNE
------------------
300, 455, 545
60, 91, 109 PIERWOTNE
------------------
300, 589, 661
300, 589, 661 PIERWOTNE
------------------
300, 720, 780
5, 12, 13 PIERWOTNE
------------------
300, 875, 925
12, 35, 37 PIERWOTNE
------------------
301, 900, 949
301, 900, 949 PIERWOTNE
------------------
303, 404, 505
3, 4, 5 PIERWOTNE
------------------
304, 570, 646
8, 15, 17 PIERWOTNE
------------------
304, 690, 754
152, 345, 377 PIERWOTNE
------------------
305, 732, 793
5, 12, 13 PIERWOTNE
------------------
306, 408, 510
3, 4, 5 PIERWOTNE
------------------
306, 840, 894
51, 140, 149 PIERWOTNE
------------------
308, 435, 533
308, 435, 533 PIERWOTNE
------------------
308, 495, 583
28, 45, 53 PIERWOTNE
------------------
308, 819, 875
44, 117, 125 PIERWOTNE
------------------
309, 412, 515
3, 4, 5 PIERWOTNE
------------------
310, 744, 806
5, 12, 13 PIERWOTNE
------------------
310, 936, 986
155, 468, 493 PIERWOTNE
------------------
312, 416, 520
3, 4, 5 PIERWOTNE
------------------
312, 459, 555
104, 153, 185 PIERWOTNE
------------------
312, 585, 663
8, 15, 17 PIERWOTNE
------------------
312, 640, 712
39, 80, 89 PIERWOTNE
------------------
312, 910, 962
12, 35, 37 PIERWOTNE
------------------
312, 990, 1038
52, 165, 173 PIERWOTNE
------------------
315, 420, 525
3, 4, 5 PIERWOTNE
------------------
315, 572, 653
315, 572, 653 PIERWOTNE
------------------
315, 624, 699
105, 208, 233 PIERWOTNE
------------------
315, 756, 819
5, 12, 13 PIERWOTNE
------------------
315, 988, 1037
315, 988, 1037 PIERWOTNE
------------------
318, 424, 530
3, 4, 5 PIERWOTNE
------------------
319, 360, 481
319, 360, 481 PIERWOTNE
------------------
320, 336, 464
20, 21, 29 PIERWOTNE
------------------
320, 462, 562
160, 231, 281 PIERWOTNE
------------------
320, 600, 680
8, 15, 17 PIERWOTNE
------------------
320, 768, 832
5, 12, 13 PIERWOTNE
------------------
320, 999, 1049
320, 999, 1049 PIERWOTNE
------------------
321, 428, 535
3, 4, 5 PIERWOTNE
------------------
322, 480, 578
161, 240, 289 PIERWOTNE
------------------
324, 432, 540
3, 4, 5 PIERWOTNE
------------------
324, 693, 765
36, 77, 85 PIERWOTNE
------------------
324, 945, 999
12, 35, 37 PIERWOTNE
------------------
325, 360, 485
65, 72, 97 PIERWOTNE
------------------
325, 780, 845
5, 12, 13 PIERWOTNE
------------------
327, 436, 545
3, 4, 5 PIERWOTNE
------------------
328, 615, 697
8, 15, 17 PIERWOTNE
------------------
330, 440, 550
3, 4, 5 PIERWOTNE
------------------
330, 560, 650
33, 56, 65 PIERWOTNE
------------------
330, 792, 858
5, 12, 13 PIERWOTNE
------------------
333, 444, 555
3, 4, 5 PIERWOTNE
------------------
333, 644, 725
333, 644, 725 PIERWOTNE
------------------
335, 804, 871
5, 12, 13 PIERWOTNE
------------------
336, 377, 505
336, 377, 505 PIERWOTNE
------------------
336, 385, 511
48, 55, 73 PIERWOTNE
------------------
336, 448, 560
3, 4, 5 PIERWOTNE
------------------
336, 527, 625
336, 527, 625 PIERWOTNE
------------------
336, 540, 636
28, 45, 53 PIERWOTNE
------------------
336, 630, 714
8, 15, 17 PIERWOTNE
------------------
336, 748, 820
84, 187, 205 PIERWOTNE
------------------
336, 850, 914
168, 425, 457 PIERWOTNE
------------------
336, 980, 1036
12, 35, 37 PIERWOTNE
------------------
339, 452, 565
3, 4, 5 PIERWOTNE
------------------
340, 357, 493
20, 21, 29 PIERWOTNE
------------------
340, 528, 628
85, 132, 157 PIERWOTNE
------------------
340, 816, 884
5, 12, 13 PIERWOTNE
------------------
341, 420, 541
341, 420, 541 PIERWOTNE
------------------
342, 456, 570
3, 4, 5 PIERWOTNE
------------------
344, 645, 731
8, 15, 17 PIERWOTNE
------------------
345, 460, 575
3, 4, 5 PIERWOTNE
------------------
345, 756, 831
115, 252, 277 PIERWOTNE
------------------
345, 828, 897
5, 12, 13 PIERWOTNE
------------------
348, 464, 580
3, 4, 5 PIERWOTNE
------------------
348, 805, 877
348, 805, 877 PIERWOTNE
------------------
350, 576, 674
175, 288, 337 PIERWOTNE
------------------
350, 840, 910
5, 12, 13 PIERWOTNE
------------------
351, 468, 585
3, 4, 5 PIERWOTNE
------------------
351, 720, 801
39, 80, 89 PIERWOTNE
------------------
352, 420, 548
88, 105, 137 PIERWOTNE
------------------
352, 660, 748
8, 15, 17 PIERWOTNE
------------------
352, 936, 1000
44, 117, 125 PIERWOTNE
------------------
354, 472, 590
3, 4, 5 PIERWOTNE
------------------
355, 852, 923
5, 12, 13 PIERWOTNE
------------------
357, 360, 507
119, 120, 169 PIERWOTNE
------------------
357, 476, 595
3, 4, 5 PIERWOTNE
------------------
357, 980, 1043
51, 140, 149 PIERWOTNE
------------------
360, 378, 522
20, 21, 29 PIERWOTNE
------------------
360, 480, 600
3, 4, 5 PIERWOTNE
------------------
360, 546, 654
60, 91, 109 PIERWOTNE
------------------
360, 598, 698
180, 299, 349 PIERWOTNE
------------------
360, 627, 723
120, 209, 241 PIERWOTNE
------------------
360, 675, 765
8, 15, 17 PIERWOTNE
------------------
360, 770, 850
36, 77, 85 PIERWOTNE
------------------
360, 864, 936
5, 12, 13 PIERWOTNE
------------------
363, 484, 605
3, 4, 5 PIERWOTNE
------------------
363, 616, 715
33, 56, 65 PIERWOTNE
------------------
364, 585, 689
28, 45, 53 PIERWOTNE
------------------
364, 627, 725
364, 627, 725 PIERWOTNE
------------------
365, 876, 949
5, 12, 13 PIERWOTNE
------------------
366, 488, 610
3, 4, 5 PIERWOTNE
------------------
368, 465, 593
368, 465, 593 PIERWOTNE
------------------
368, 690, 782
8, 15, 17 PIERWOTNE
------------------
369, 492, 615
3, 4, 5 PIERWOTNE
------------------
369, 800, 881
369, 800, 881 PIERWOTNE
------------------
370, 888, 962
5, 12, 13 PIERWOTNE
------------------
372, 496, 620
3, 4, 5 PIERWOTNE
------------------
372, 925, 997
372, 925, 997 PIERWOTNE
------------------
375, 500, 625
3, 4, 5 PIERWOTNE
------------------
375, 900, 975
5, 12, 13 PIERWOTNE
------------------
376, 705, 799
8, 15, 17 PIERWOTNE
------------------
378, 504, 630
3, 4, 5 PIERWOTNE
------------------
378, 680, 778
189, 340, 389 PIERWOTNE
------------------
380, 399, 551
20, 21, 29 PIERWOTNE
------------------
380, 672, 772
95, 168, 193 PIERWOTNE
------------------
380, 912, 988
5, 12, 13 PIERWOTNE
------------------
381, 508, 635
3, 4, 5 PIERWOTNE
------------------
384, 440, 584
48, 55, 73 PIERWOTNE
------------------
384, 512, 640
3, 4, 5 PIERWOTNE
------------------
384, 720, 816
8, 15, 17 PIERWOTNE
------------------
384, 988, 1060
96, 247, 265 PIERWOTNE
------------------
385, 552, 673
385, 552, 673 PIERWOTNE
------------------
385, 924, 1001
5, 12, 13 PIERWOTNE
------------------
387, 516, 645
3, 4, 5 PIERWOTNE
------------------
387, 884, 965
387, 884, 965 PIERWOTNE
------------------
390, 432, 582
65, 72, 97 PIERWOTNE
------------------
390, 520, 650
3, 4, 5 PIERWOTNE
------------------
390, 800, 890
39, 80, 89 PIERWOTNE
------------------
390, 936, 1014
5, 12, 13 PIERWOTNE
------------------
392, 630, 742
28, 45, 53 PIERWOTNE
------------------
392, 735, 833
8, 15, 17 PIERWOTNE
------------------
393, 524, 655
3, 4, 5 PIERWOTNE
------------------
395, 948, 1027
5, 12, 13 PIERWOTNE
------------------
396, 403, 565
396, 403, 565 PIERWOTNE
------------------
396, 528, 660
3, 4, 5 PIERWOTNE
------------------
396, 672, 780
33, 56, 65 PIERWOTNE
------------------
396, 847, 935
36, 77, 85 PIERWOTNE
------------------
399, 468, 615
133, 156, 205 PIERWOTNE
------------------
399, 532, 665
3, 4, 5 PIERWOTNE
------------------
400, 420, 580
20, 21, 29 PIERWOTNE
------------------
400, 561, 689
400, 561, 689 PIERWOTNE
------------------
400, 750, 850
8, 15, 17 PIERWOTNE
------------------
400, 960, 1040
5, 12, 13 PIERWOTNE
------------------
402, 536, 670
3, 4, 5 PIERWOTNE
------------------
405, 540, 675
3, 4, 5 PIERWOTNE
------------------
405, 972, 1053
5, 12, 13 PIERWOTNE
------------------
406, 792, 890
203, 396, 445 PIERWOTNE
------------------
407, 624, 745
407, 624, 745 PIERWOTNE
------------------
408, 506, 650
204, 253, 325 PIERWOTNE
------------------
408, 544, 680
3, 4, 5 PIERWOTNE
------------------
408, 765, 867
8, 15, 17 PIERWOTNE
------------------
408, 819, 915
136, 273, 305 PIERWOTNE
------------------
410, 984, 1066
5, 12, 13 PIERWOTNE
------------------
411, 548, 685
3, 4, 5 PIERWOTNE
------------------
414, 448, 610
207, 224, 305 PIERWOTNE
------------------
414, 552, 690
3, 4, 5 PIERWOTNE
------------------
415, 996, 1079
5, 12, 13 PIERWOTNE
------------------
416, 612, 740
104, 153, 185 PIERWOTNE
------------------
416, 780, 884
8, 15, 17 PIERWOTNE
------------------
417, 556, 695
3, 4, 5 PIERWOTNE
------------------
420, 441, 609
20, 21, 29 PIERWOTNE
------------------
420, 513, 663
140, 171, 221 PIERWOTNE
------------------
420, 560, 700
3, 4, 5 PIERWOTNE
------------------
420, 637, 763
60, 91, 109 PIERWOTNE
------------------
420, 675, 795
28, 45, 53 PIERWOTNE
------------------
420, 832, 932
105, 208, 233 PIERWOTNE
------------------
420, 851, 949
420, 851, 949 PIERWOTNE
------------------
420, 935, 1025
84, 187, 205 PIERWOTNE
------------------
423, 564, 705
3, 4, 5 PIERWOTNE
------------------
424, 795, 901
8, 15, 17 PIERWOTNE
------------------
425, 660, 785
85, 132, 157 PIERWOTNE
------------------
426, 568, 710
3, 4, 5 PIERWOTNE
------------------
429, 460, 629
429, 460, 629 PIERWOTNE
------------------
429, 572, 715
3, 4, 5 PIERWOTNE
------------------
429, 700, 821
429, 700, 821 PIERWOTNE
------------------
429, 728, 845
33, 56, 65 PIERWOTNE
------------------
429, 880, 979
39, 80, 89 PIERWOTNE
------------------
432, 495, 657
48, 55, 73 PIERWOTNE
------------------
432, 576, 720
3, 4, 5 PIERWOTNE
------------------
432, 665, 793
432, 665, 793 PIERWOTNE
------------------
432, 810, 918
8, 15, 17 PIERWOTNE
------------------
432, 924, 1020
36, 77, 85 PIERWOTNE
------------------
434, 912, 1010
217, 456, 505 PIERWOTNE
------------------
435, 580, 725
3, 4, 5 PIERWOTNE
------------------
438, 584, 730
3, 4, 5 PIERWOTNE
------------------
440, 462, 638
20, 21, 29 PIERWOTNE
------------------
440, 525, 685
88, 105, 137 PIERWOTNE
------------------
440, 825, 935
8, 15, 17 PIERWOTNE
------------------
440, 918, 1018
220, 459, 509 PIERWOTNE
------------------
441, 588, 735
3, 4, 5 PIERWOTNE
------------------
444, 592, 740
3, 4, 5 PIERWOTNE
------------------
447, 596, 745
3, 4, 5 PIERWOTNE
------------------
448, 720, 848
28, 45, 53 PIERWOTNE
------------------
448, 840, 952
8, 15, 17 PIERWOTNE
------------------
448, 975, 1073
448, 975, 1073 PIERWOTNE
------------------
450, 544, 706
225, 272, 353 PIERWOTNE
------------------
450, 600, 750
3, 4, 5 PIERWOTNE
------------------
451, 780, 901
451, 780, 901 PIERWOTNE
------------------
453, 604, 755
3, 4, 5 PIERWOTNE
------------------
455, 504, 679
65, 72, 97 PIERWOTNE
------------------
455, 528, 697
455, 528, 697 PIERWOTNE
------------------
456, 608, 760
3, 4, 5 PIERWOTNE
------------------
456, 650, 794
228, 325, 397 PIERWOTNE
------------------
456, 855, 969
8, 15, 17 PIERWOTNE
------------------
459, 612, 765
3, 4, 5 PIERWOTNE
------------------
460, 483, 667
20, 21, 29 PIERWOTNE
------------------
462, 616, 770
3, 4, 5 PIERWOTNE
------------------
462, 784, 910
33, 56, 65 PIERWOTNE
------------------
464, 777, 905
464, 777, 905 PIERWOTNE
------------------
464, 870, 986
8, 15, 17 PIERWOTNE
------------------
465, 620, 775
3, 4, 5 PIERWOTNE
------------------
468, 595, 757
468, 595, 757 PIERWOTNE
------------------
468, 624, 780
3, 4, 5 PIERWOTNE
------------------
468, 960, 1068
39, 80, 89 PIERWOTNE
------------------
471, 628, 785
3, 4, 5 PIERWOTNE
------------------
472, 885, 1003
8, 15, 17 PIERWOTNE
------------------
473, 864, 985
473, 864, 985 PIERWOTNE
------------------
474, 632, 790
3, 4, 5 PIERWOTNE
------------------
475, 840, 965
95, 168, 193 PIERWOTNE
------------------
476, 480, 676
119, 120, 169 PIERWOTNE
------------------
476, 765, 901
28, 45, 53 PIERWOTNE
------------------
477, 636, 795
3, 4, 5 PIERWOTNE
------------------
480, 504, 696
20, 21, 29 PIERWOTNE
------------------
480, 550, 730
48, 55, 73 PIERWOTNE
------------------
480, 640, 800
3, 4, 5 PIERWOTNE
------------------
480, 693, 843
160, 231, 281 PIERWOTNE
------------------
480, 728, 872
60, 91, 109 PIERWOTNE
------------------
480, 836, 964
120, 209, 241 PIERWOTNE
------------------
480, 900, 1020
8, 15, 17 PIERWOTNE
------------------
481, 600, 769
481, 600, 769 PIERWOTNE
------------------
483, 644, 805
3, 4, 5 PIERWOTNE
------------------
483, 720, 867
161, 240, 289 PIERWOTNE
------------------
486, 648, 810
3, 4, 5 PIERWOTNE
------------------
488, 915, 1037
8, 15, 17 PIERWOTNE
------------------
489, 652, 815
3, 4, 5 PIERWOTNE
------------------
492, 656, 820
3, 4, 5 PIERWOTNE
------------------
495, 660, 825
3, 4, 5 PIERWOTNE
------------------
495, 840, 975
33, 56, 65 PIERWOTNE
------------------
495, 952, 1073
495, 952, 1073 PIERWOTNE
------------------
496, 897, 1025
496, 897, 1025 PIERWOTNE
------------------
496, 930, 1054
8, 15, 17 PIERWOTNE
------------------
498, 664, 830
3, 4, 5 PIERWOTNE
------------------
500, 525, 725
20, 21, 29 PIERWOTNE
------------------
501, 668, 835
3, 4, 5 PIERWOTNE
------------------
504, 550, 746
252, 275, 373 PIERWOTNE
------------------
504, 672, 840
3, 4, 5 PIERWOTNE
------------------
504, 703, 865
504, 703, 865 PIERWOTNE
------------------
504, 810, 954
28, 45, 53 PIERWOTNE
------------------
504, 945, 1071
8, 15, 17 PIERWOTNE
------------------
507, 676, 845
3, 4, 5 PIERWOTNE
------------------
510, 680, 850
3, 4, 5 PIERWOTNE
------------------
510, 792, 942
85, 132, 157 PIERWOTNE
------------------
512, 960, 1088
8, 15, 17 PIERWOTNE
------------------
513, 684, 855
3, 4, 5 PIERWOTNE
------------------
516, 688, 860
3, 4, 5 PIERWOTNE
------------------
519, 692, 865
3, 4, 5 PIERWOTNE
------------------
520, 546, 754
20, 21, 29 PIERWOTNE
------------------
520, 576, 776
65, 72, 97 PIERWOTNE
------------------
520, 765, 925
104, 153, 185 PIERWOTNE
------------------
520, 975, 1105
8, 15, 17 PIERWOTNE
------------------
522, 696, 870
3, 4, 5 PIERWOTNE
------------------
522, 760, 922
261, 380, 461 PIERWOTNE
------------------
525, 700, 875
3, 4, 5 PIERWOTNE
------------------
525, 864, 1011
175, 288, 337 PIERWOTNE
------------------
528, 605, 803
48, 55, 73 PIERWOTNE
------------------
528, 630, 822
88, 105, 137 PIERWOTNE
------------------
528, 704, 880
3, 4, 5 PIERWOTNE
------------------
528, 896, 1040
33, 56, 65 PIERWOTNE
------------------
528, 990, 1122
8, 15, 17 PIERWOTNE
------------------
531, 708, 885
3, 4, 5 PIERWOTNE
------------------
532, 624, 820
133, 156, 205 PIERWOTNE
------------------
532, 855, 1007
28, 45, 53 PIERWOTNE
------------------
533, 756, 925
533, 756, 925 PIERWOTNE
------------------
534, 712, 890
3, 4, 5 PIERWOTNE
------------------
537, 716, 895
3, 4, 5 PIERWOTNE
------------------
540, 567, 783
20, 21, 29 PIERWOTNE
------------------
540, 629, 829
540, 629, 829 PIERWOTNE
------------------
540, 720, 900
3, 4, 5 PIERWOTNE
------------------
540, 819, 981
60, 91, 109 PIERWOTNE
------------------
540, 897, 1047
180, 299, 349 PIERWOTNE
------------------
543, 724, 905
3, 4, 5 PIERWOTNE
------------------
546, 728, 910
3, 4, 5 PIERWOTNE
------------------
549, 732, 915
3, 4, 5 PIERWOTNE
------------------
552, 736, 920
3, 4, 5 PIERWOTNE
------------------
552, 986, 1130
276, 493, 565 PIERWOTNE
------------------
555, 572, 797
555, 572, 797 PIERWOTNE
------------------
555, 740, 925
3, 4, 5 PIERWOTNE
------------------
558, 744, 930
3, 4, 5 PIERWOTNE
------------------
558, 880, 1042
279, 440, 521 PIERWOTNE
------------------
559, 840, 1009
559, 840, 1009 PIERWOTNE
------------------
560, 588, 812
20, 21, 29 PIERWOTNE
------------------
560, 684, 884
140, 171, 221 PIERWOTNE
------------------
560, 702, 898
280, 351, 449 PIERWOTNE
------------------
560, 900, 1060
28, 45, 53 PIERWOTNE
------------------
561, 748, 935
3, 4, 5 PIERWOTNE
------------------
561, 952, 1105
33, 56, 65 PIERWOTNE
------------------
564, 752, 940
3, 4, 5 PIERWOTNE
------------------
567, 756, 945
3, 4, 5 PIERWOTNE
------------------
570, 760, 950
3, 4, 5 PIERWOTNE
------------------
573, 764, 955
3, 4, 5 PIERWOTNE
------------------
576, 660, 876
48, 55, 73 PIERWOTNE
------------------
576, 768, 960
3, 4, 5 PIERWOTNE
------------------
576, 943, 1105
576, 943, 1105 PIERWOTNE
------------------
579, 772, 965
3, 4, 5 PIERWOTNE
------------------
580, 609, 841
20, 21, 29 PIERWOTNE
------------------
580, 741, 941
580, 741, 941 PIERWOTNE
------------------
582, 776, 970
3, 4, 5 PIERWOTNE
------------------
585, 648, 873
65, 72, 97 PIERWOTNE
------------------
585, 780, 975
3, 4, 5 PIERWOTNE
------------------
585, 928, 1097
585, 928, 1097 PIERWOTNE
------------------
588, 784, 980
3, 4, 5 PIERWOTNE
------------------
588, 945, 1113
28, 45, 53 PIERWOTNE
------------------
591, 788, 985
3, 4, 5 PIERWOTNE
------------------
594, 608, 850
297, 304, 425 PIERWOTNE
------------------
594, 792, 990
3, 4, 5 PIERWOTNE
------------------
595, 600, 845
119, 120, 169 PIERWOTNE
------------------
595, 924, 1099
85, 132, 157 PIERWOTNE
------------------
597, 796, 995
3, 4, 5 PIERWOTNE
------------------
600, 630, 870
20, 21, 29 PIERWOTNE
------------------
600, 800, 1000
3, 4, 5 PIERWOTNE
------------------
600, 910, 1090
60, 91, 109 PIERWOTNE
------------------
603, 804, 1005
3, 4, 5 PIERWOTNE
------------------
606, 808, 1010
3, 4, 5 PIERWOTNE
------------------
609, 812, 1015
3, 4, 5 PIERWOTNE
------------------
612, 759, 975
204, 253, 325 PIERWOTNE
------------------
612, 816, 1020
3, 4, 5 PIERWOTNE
------------------
615, 728, 953
615, 728, 953 PIERWOTNE
------------------
615, 820, 1025
3, 4, 5 PIERWOTNE
------------------
616, 663, 905
616, 663, 905 PIERWOTNE
------------------
616, 735, 959
88, 105, 137 PIERWOTNE
------------------
616, 870, 1066
308, 435, 533 PIERWOTNE
------------------
616, 990, 1166
28, 45, 53 PIERWOTNE
------------------
618, 824, 1030
3, 4, 5 PIERWOTNE
------------------
620, 651, 899
20, 21, 29 PIERWOTNE
------------------
620, 861, 1061
620, 861, 1061 PIERWOTNE
------------------
621, 672, 915
207, 224, 305 PIERWOTNE
------------------
621, 828, 1035
3, 4, 5 PIERWOTNE
------------------
624, 715, 949
48, 55, 73 PIERWOTNE
------------------
624, 832, 1040
3, 4, 5 PIERWOTNE
------------------
624, 918, 1110
104, 153, 185 PIERWOTNE
------------------
627, 836, 1045
3, 4, 5 PIERWOTNE
------------------
630, 840, 1050
3, 4, 5 PIERWOTNE
------------------
633, 844, 1055
3, 4, 5 PIERWOTNE
------------------
636, 848, 1060
3, 4, 5 PIERWOTNE
------------------
638, 720, 962
319, 360, 481 PIERWOTNE
------------------
639, 852, 1065
3, 4, 5 PIERWOTNE
------------------
640, 672, 928
20, 21, 29 PIERWOTNE
------------------
640, 924, 1124
160, 231, 281 PIERWOTNE
------------------
642, 856, 1070
3, 4, 5 PIERWOTNE
------------------
644, 960, 1156
161, 240, 289 PIERWOTNE
------------------
645, 812, 1037
645, 812, 1037 PIERWOTNE
------------------
645, 860, 1075
3, 4, 5 PIERWOTNE
------------------
648, 864, 1080
3, 4, 5 PIERWOTNE
------------------
650, 720, 970
65, 72, 97 PIERWOTNE
------------------
651, 868, 1085
3, 4, 5 PIERWOTNE
------------------
654, 872, 1090
3, 4, 5 PIERWOTNE
------------------
657, 876, 1095
3, 4, 5 PIERWOTNE
------------------
660, 693, 957
20, 21, 29 PIERWOTNE
------------------
660, 779, 1021
660, 779, 1021 PIERWOTNE
------------------
660, 880, 1100
3, 4, 5 PIERWOTNE
------------------
660, 989, 1189
660, 989, 1189 PIERWOTNE
------------------
663, 884, 1105
3, 4, 5 PIERWOTNE
------------------
665, 780, 1025
133, 156, 205 PIERWOTNE
------------------
666, 888, 1110
3, 4, 5 PIERWOTNE
------------------
669, 892, 1115
3, 4, 5 PIERWOTNE
------------------
672, 754, 1010
336, 377, 505 PIERWOTNE
------------------
672, 770, 1022
48, 55, 73 PIERWOTNE
------------------
672, 896, 1120
3, 4, 5 PIERWOTNE
------------------
675, 816, 1059
225, 272, 353 PIERWOTNE
------------------
675, 900, 1125
3, 4, 5 PIERWOTNE
------------------
678, 904, 1130
3, 4, 5 PIERWOTNE
------------------
680, 714, 986
20, 21, 29 PIERWOTNE
------------------
681, 908, 1135
3, 4, 5 PIERWOTNE
------------------
682, 840, 1082
341, 420, 541 PIERWOTNE
------------------
684, 912, 1140
3, 4, 5 PIERWOTNE
------------------
684, 975, 1191
228, 325, 397 PIERWOTNE
------------------
687, 916, 1145
3, 4, 5 PIERWOTNE
------------------
690, 920, 1150
3, 4, 5 PIERWOTNE
------------------
693, 924, 1155
3, 4, 5 PIERWOTNE
------------------
696, 697, 985
696, 697, 985 PIERWOTNE
------------------
696, 928, 1160
3, 4, 5 PIERWOTNE
------------------
699, 932, 1165
3, 4, 5 PIERWOTNE
------------------
700, 735, 1015
20, 21, 29 PIERWOTNE
------------------
700, 855, 1105
140, 171, 221 PIERWOTNE
------------------
702, 936, 1170
3, 4, 5 PIERWOTNE
------------------
704, 840, 1096
88, 105, 137 PIERWOTNE
------------------
704, 903, 1145
704, 903, 1145 PIERWOTNE
------------------
705, 940, 1175
3, 4, 5 PIERWOTNE
------------------
705, 992, 1217
705, 992, 1217 PIERWOTNE
------------------
708, 944, 1180
3, 4, 5 PIERWOTNE
------------------
711, 948, 1185
3, 4, 5 PIERWOTNE
------------------
714, 720, 1014
119, 120, 169 PIERWOTNE
------------------
714, 952, 1190
3, 4, 5 PIERWOTNE
------------------
715, 792, 1067
65, 72, 97 PIERWOTNE
------------------
717, 956, 1195
3, 4, 5 PIERWOTNE
------------------
720, 756, 1044
20, 21, 29 PIERWOTNE
------------------
720, 825, 1095
48, 55, 73 PIERWOTNE
------------------
720, 960, 1200
3, 4, 5 PIERWOTNE
------------------
723, 964, 1205
3, 4, 5 PIERWOTNE
------------------
726, 968, 1210
3, 4, 5 PIERWOTNE
------------------
729, 972, 1215
3, 4, 5 PIERWOTNE
------------------
731, 780, 1069
731, 780, 1069 PIERWOTNE
------------------
732, 976, 1220
3, 4, 5 PIERWOTNE
------------------
735, 980, 1225
3, 4, 5 PIERWOTNE
------------------
736, 930, 1186
368, 465, 593 PIERWOTNE
------------------
738, 984, 1230
3, 4, 5 PIERWOTNE
------------------
740, 777, 1073
20, 21, 29 PIERWOTNE
------------------
741, 988, 1235
3, 4, 5 PIERWOTNE
------------------
744, 817, 1105
744, 817, 1105 PIERWOTNE
------------------
744, 992, 1240
3, 4, 5 PIERWOTNE
------------------
747, 996, 1245
3, 4, 5 PIERWOTNE
------------------
756, 825, 1119
252, 275, 373 PIERWOTNE
------------------
760, 798, 1102
20, 21, 29 PIERWOTNE
------------------
765, 868, 1157
765, 868, 1157 PIERWOTNE
------------------
768, 880, 1168
48, 55, 73 PIERWOTNE
------------------
780, 819, 1131
20, 21, 29 PIERWOTNE
------------------
780, 864, 1164
65, 72, 97 PIERWOTNE
------------------
792, 806, 1130
396, 403, 565 PIERWOTNE
------------------
792, 945, 1233
88, 105, 137 PIERWOTNE
------------------
798, 936, 1230
133, 156, 205 PIERWOTNE
------------------
799, 960, 1249
799, 960, 1249 PIERWOTNE
------------------
800, 840, 1160
20, 21, 29 PIERWOTNE
------------------
816, 935, 1241
48, 55, 73 PIERWOTNE
------------------
820, 861, 1189
20, 21, 29 PIERWOTNE
------------------
828, 896, 1220
207, 224, 305 PIERWOTNE
------------------
832, 855, 1193
832, 855, 1193 PIERWOTNE
------------------
833, 840, 1183
119, 120, 169 PIERWOTNE
------------------
840, 882, 1218
20, 21, 29 PIERWOTNE
------------------
845, 936, 1261
65, 72, 97 PIERWOTNE
------------------
858, 920, 1258
429, 460, 629 PIERWOTNE
------------------
860, 903, 1247
20, 21, 29 PIERWOTNE
------------------
864, 990, 1314
48, 55, 73 PIERWOTNE
------------------
880, 924, 1276
20, 21, 29 PIERWOTNE
------------------
884, 987, 1325
884, 987, 1325 PIERWOTNE
------------------
891, 912, 1275
297, 304, 425 PIERWOTNE
------------------
893, 924, 1285
893, 924, 1285 PIERWOTNE
------------------
900, 945, 1305
20, 21, 29 PIERWOTNE
------------------
920, 966, 1334
20, 21, 29 PIERWOTNE
------------------
940, 987, 1363
20, 21, 29 PIERWOTNE
------------------
952, 960, 1352
119, 120, 169 PIERWOTNE
------------------
